100001000001110101001101101101 2
395FC0A2 16
3A509B69 16
417747432 8
672984083 10
2AC79B62 16
2A29211C 16
100010010100001101011010101011 2
111010110101010000000101010 2
74863023 10
1111111100101111100001010 2
83019645 10
761273245 10
10100100110001101011111100100 2
356219231 10
2751013460 8
6515770623 8
11100101101101011101011101111 2
227492777 10
327454657 8
63471066 10
1115641060 8
20D7E19B 16
6412611765 8
6013711406 8
342C0350 16
481940243 10
100011001011111001010010100101 2
7432A27 16
101111111110101100000100010000 2
100111100001101110111101001011 2
2E84270 16
1DC9432C 16
110001010101001101101110001011 2
3300237205 8
1100101110000001011001111011 2
3405273507 8
214055158 10
5FF9DDE 16
334A0306 16
167019584 10
BB360D4 16
5667550767 8
110011100101111001100101111111 2
5111456162 8
11110101000100000101110101010 2
101100001111000110110001111010 2
62394228 10
111001100010110110110000100010 2
3640150074 8
6372376307 8
67472543 10
1100100010011011110010101010 2
11011000110010011111111010101 2
10010100110111011001110011011 2
314090557 10
101011110001001000011110011 2
742592789 10
100101110100011001100110010001 2
101000011011100110010110010001 2
925726254 10
4051660636 8
4350733404 8
131BEBC9 16
63466773 8
128724436 10
1DFA08B4 16
FA63E28 16
100100100001110011001000111011 2
106163776 8
213225309 10
915992916 10
641850425 10
4620432650 8
2CA53A95 16
732446750 8
3630140010 8
1FA4C3C4 16
110111000111100101110001110011 2
406497050 10
101001011111111000000100001111 2
11000101101010110010111100100 2
2706132165 8
1100110111010000001110110111 2
111010110000000101101101110000 2
385894757 10
288256342 10
BD3C219 16
3302531575 8
378940942 10
11101010001000000110000101001 2
1A0751DB 16
111000010011111100101111101111 2
20BD2E11 16
6766625235 8
836819688 10
67E7639 16
1532547012 8
2042471327 8
962350115 10
351BA46 16
10110110010101010110001010111 2
101010010100001011001101001 2
624854385 10
155471765 10
101011100010100001111110000000 2
11111110100000100000111010111 2
110011010000001111001001100111 2
399865327 10
100000010111010000111101110011 2
26659CCE 16
1011000110001000100011110 2
587488141 10
110011010010111101100010111001 2
1000011111010101111011110111 2
1651706476 8
30D872D3 16
6004057537 8
523628887 10
607058283 10
389737970 10
2A9A0E41 16
3152041306 8
18C60F98 16
348EAC10 16
6652634504 8
506373739 10
6357321024 8
100001011110110110111001000000 2
38EA09BB 16
13E39A50 16
474658955 10
4324617121 8
663518316 10
3995BBA1 16
1B644DE3 16
2FA924DC 16
100101100101101101000110010011 2
6016132354 8
2B00D18A 16
1011010100100110101010111 2
E4E2CEB 16
6407463344 8
4167273577 8
620320857 10
6331507042 8
10111110011101100001101110110 2
13396B9 16
794388773 10
2A4C926 16
1333001320 8
6571271753 8
1100370354 8
5000473715 8
620167807 10
3273355305 8
5073512140 8
1334466724 8
6137204253 8
101010010000111101101100010000 2
875903294 10
81977982 10
4FFBF85 16
31E3472D 16
2357645104 8
110000010010000010000010111 2
232260785 10
75465121 10
110010010100100100010010000001 2
5017636432 8
13EE7209 16
11100000010101111100100100011 2
9C32A7 16
470205181 10
1111011000110101111011100011 2
28DB9AF9 16
D252131 16
4573700524 8
3170C659 16
3301B401 16
1000110111111010010100100110 2
111000101110001000100011011010 2
4560633140 8
6334714644 8
1101100100000000000010001010 2
1305515374 8
110001010000111011000001011111 2
26D9A584 16
4222460531 8
100111101000000111000110010111 2
930645527 10
110000011100000010110010011001 2
122775806 10
6733710664 8
934412214 10
254572251 10
9C020D8 16
100101100111011101001001000110 2
313439109 10
31F9882A 16
703243521 8
1023F003 16
2763565100 8
606047131 8
850884787 10
751970738 10
A8FAD5 16
18EE3ACA 16
2320227505 8
10001110001110000110001110111 2
136657686 10
111110111011100100001001010 2
2133156453 8
3770466221 8
224319753 10
3731211172 8
2A5A8833 16
7165075000 8
228521028 10
11101101001001110101011001111 2
101101110110000011100010000000 2
101000100011111001011111010110 2
696978826 10
321236F6 16
110010011111111101011001100011 2
101010000000001000001011001101 2
250706205 10
409096105 10
128979042 10
3501617112 8
100001011010101111011110011100 2
4736202737 8
7216663222 8
4333031110 8
16FBDF1F 16
834163216 10
976024872 10
101010010010000011001101101010 2
42976581 10
11010101010010000111011111000 2
F219714 16
5505502672 8
853886924 10
617561774 10
CE186C0 16
10011110000010010000111000111 2
910885978 10
10011000111010000111100110101 2
10111000110010101010100001100 2
314EE54F 16
61397217 10
2205014555 8
998695143 10
101011000111011010001100010000 2
1111110111100001000100000010 2
2615245136 8
110100110011101101010001000 2
2306626161 8
100111100100010110000100010110 2
578422509 10
110110011010011111011100010111 2
110111101000000101011101010 2
60114513 8
415546875 10
11011010010000000100000111111 2
743625731 10
341230164 10
10100110111011110100110000011 2
460077205 10
47804EB 16
888353182 10
11001011101111111110101010110 2
250235735 10
535906949 10
1351441405 8
1057315221 8
101111000001110010000101011010 2
2C9AD382 16
17BEE18B 16
101011100010001011100100110111 2
925288896 10
1C83ABE0 16
7236243112 8
936687967 10
7FB6E75 16
1010D78D 16
241DBA74 16
5327522322 8
B672160 16
5267575542 8
1725741545 8
750486318 10
1715654204 8
121CAD40 16
4101324747 8
640540052 8
563284492 10
10111000110011111001000110 2
7205313633 8
1011010100010001111100001010 2
11100010101111111001010110111 2
343769551 10
10011010011011100110001000001 2
10111000100101000010011010100 2
6526557622 8
1B563FB2 16
660238748 10
1011011011011101011100111 2
6035246641 8
6402246361 8
1537716252 8
96786037 10
189219507 10
453777595 10
284E3204 16
110001010011000100101010101111 2
36F15A6E 16
6015135140 8
289F0178 16
3257512175 8
543904467 10
398183761 10
11000110100000011011100101001 2
978AACF 16
5233715162 8
4465607314 8
110111101001111000011111 2
1B45E12E 16
2035044334 8
974182045 10
198C41CD 16
7F801A7 16
2998A1DE 16
1001100100111101100010110 2
111111110000000101011000 2
10010100101111101111110111111 2
2274A6BB 16
62FD08D 16
726314247 10
2310145221 8
5074303637 8
558487728 10
2314736464 8
6016016327 8
14E50A5 16
420262022 10
7150270030 8
360286645 10
100011010010110111010000111010 2
2652362633 8
7115B37 16
4041043042 8
339894258 10
593C102 16
5553243447 8
316983448 10
1075376174 8
7312440740 8
7247076257 8
3409A369 16
5163604270 8
537937601 10
EE53FBD 16
A38DA60 16
3743512745 8
879428998 10
32734780 10
100110110111111111001010001101 2
518508011 10
475349554 10
100000100000001001100100000110 2
1111111010011111100111011010 2
36901410 16
26534199 16
367110174 8
727436576 8
153471563 10
1111111111101101101101111100 2
737690630 10
732957917 10
914827351 10
20642A1C 16
1177654320 8
250E2592 16
77735640 10
1111110111010010001010001 2
10111010011011110110110101011 2
11001110010100101001000010111 2
1030035507 8
110110000001100010100000100 2
800225611 10
679024068 10
762464170 10
112B33F7 16
2043714125 8
48040301 10
374708357 10
289269979 10
110000100001111000101011111110 2
555907498 10
451518541 10
110011100011001011000101110 2
207A4BE4 16
36161011 16
1172605710 8
111001110101000110100011111101 2
5353774521 8
13780251 16
364B40EC 16
10101001001100101000101010001 2
7344251322 8
3861CB96 16
2716302134 8
1010010010010001101001010011 2
101010100100000001111111101101 2
7074620364 8
6732211755 8
11010011001111011000000000011 2
1567264567 8
352420881 10
11100101101001000001101101 2
900428568 10
478720976 10
329814769 10
2F764495 16
370AD157 16
110325 10
5164011553 8
111001000010100011011001111110 2
22D11F21 16
1F2F9BD8 16
880248746 10
706225691 10
1110010010011100011110100110 2
2582673 16
163856744 10
123642022 8
100110011010100011101100001100 2
110011001111110011001011111001 2
357085432 10
16E31D37 16
113D883 16
11011101100101011010000000110 2
10110011110001111100001011010 2
9EE08C7 16
125854ED 16
1637315646 8
32513574 8
36207AD4 16
28836591 16
7172671451 8
10010010101010000011010010100 2
A5EFB1C 16
6302045005 8
22725981 16
4436626012 8
856277473 10
1763041120 8
110010011011001011110100000011 2
20976997 16
22BBD5 16
2552C4D1 16
402365399 10
1906ABAA 16
2C21F182 16
678705061 10
4FDFC01 16
110101101111111100101011010111 2
101101000001101110101100010110 2
1D318535 16
5762453716 8
3AE42EDA 16
110111111111100101101010001100 2
1235763073 8
111000011001110110110010000110 2
3230043314 8
7330312576 8
521514416 8
491289949 10
10101001101000100001001111100 2
283C77F8 16
6500575011 8
7120767101 8
14FE8A20 16
722319229 10
4677325221 8
467944065 10
2369D528 16
10010001011010110111110000000 2
10783046 16
FA6A1F1 16
27B44C0B 16
38962364 10
964030870 10
136971120 10
10101110110101100011111011100 2
10110111000010110001101100000 2
17C6667D 16
582139717 10
2050705255 8
748451961 10
23C4D2FE 16
110110110100100000111110100111 2
10011010100010011100000111100 2
2516523260 8
6473560203 8
889452444 10
43223282 10
3761346634 8
100101011111000011100000101011 2
448257174 10
101001001101100011111110111011 2
2750154667 8
3142350226 8
35DE17F7 16
4E11DEE 16
7012BC 16
241861658 10
541019028 10
1011001011001110111100111100 2
1010000001110000110100111001 2
11101111010001000100000000000 2
6143121653 8
36C0C8B 16
101DACAE 16
1000110100101000011101000 2
230620760 8
101000100010101001100110000010 2
903272121 10
287CF0DC 16
775162727 8
29218042 16
353067716 10
7335501002 8
5700050473 8
362616756 8
4652543320 8
768967848 10
3127033730 8
2CB9FF67 16
5262541475 8
11B7BE07 16
3257233764 8
1E5D1440 16
31BF56AD 16
6666F56 16
101000101011001101100011000 2
110001010010111111000111100011 2
100001101110011010100101011111 2
11100000101001100110001110 2
939588348 10
3161240315 8
C450217 16
804458686 10
101010010001000010010011111010 2
507475110 8
D2C8710 16
1177631566 8
110110010001010011010001100 2
898840229 10
305621ED 16
1001001100010011000100110111 2
6046564334 8
13605414 16
7151556526 8
1ED114EF 16
402492561 10
5215555650 8
311179027 10
330652705 10
188802240 10
24EF9EA2 16
FBE00C4 16
338069127 10
983453328 10
2C1064FA 16
D003348 16
365AA280 16
10110100101111110011010011110 2
265503211 8
100001001101100011000001010100 2
11111001011111001011110100111 2
100010001000011000111001010010 2
36532C9B 16
830423140 10
101000111111000001010000010 2
679667942 10
1100111001001000101010011111 2
55EE576 16
10001001100101110110101111110 2
563471919 10
124365164 8
1BF7F087 16
45369D3 16
6300742236 8
4267235422 8
450873127 10
110001011000100111011011010010 2
16A6EB4E 16
101101111010101010010000011001 2
100011111011000011100000100011 2
649856B 16
1EFF3EBE 16
111101100011110110101100010 2
10010000011100011011011011010 2
11101101001000110111110001000 2
10011111000011111111110110100 2
2B659E4 16
D88C678 16
5151654206 8
11101101001010111101101011100 2
11000110110000100001100001010 2
1110101100000111100011000001 2
2DA9E390 16
2D9F22E3 16
1011110101000001001001000111 2
101100111010100101100000 2
12A5CB42 16
1000100001100100101110101001 2
5520347462 8
1E52C979 16
830444064 10
7134261460 8
110110001001001001110110000001 2
A79D06 16
11001111110110011111011100101 2
3466660707 8
53306797 10
809583976 10
110001100001000000010011011 2
14095D4A 16
5705330347 8
884543534 10
101110010000111111110001110100 2
6432144001 8
808565689 10
D19E922 16
3327901D 16
787607069 10
957768978 10
7101427101 8
1000110000001001011110001001 2
11100111000010110100010011001 2
196329448 10
5236643771 8
1055423173 8
264169889 10
101001000011110000000010100101 2
17CC63B7 16
101010000011011001001011111110 2
110110011010111011100100001111 2
27E9D5A 16
2CB6FC0B 16
616739839 10
365877717 10
6336755767 8
592187859 10
510989859 10
39402684 10
3006007471 8
92FDA 16
F2C415B 16
685EEA7 16
10000011001000101110100010010 2
490047866 10
123823245 10
3245464714 8
101010001100010011011001111000 2
376F1508 16
3163133067 8
2BDE0D40 16
667462835 10
10100101110110101100000001011 2
587751102 10
7117534241 8
9A3705 16
11100110100010001111111101001 2
745990132 10
101010000110000111110111101000 2
11011110001010110110110100101 2
6341545556 8
568122662 10
3021370035 8
882530072 10
101110110000110000001111100001 2
707352150 10
4511C3E 16
462050078 10
10111111000101011011111001100 2
4010100522 8
100101110101100100110011100101 2
3752313434 8
101100001001011110011101011101 2
111010101010101001100101110111 2
11110001000111011110111001001 2
2BE274F5 16
D946090 16
1000101000110101100101110101 2
606996031 10
708261901 10
1110010111110001011100000001 2
1000011100000111111101011 2
11011000001011000110000011111 2
111001001000011110011001101010 2
36B96ED1 16
99635C1 16
676765003 8
4260225613 8
936143576 10
287170067 10
33E5EAC6 16
180362071 10
369462765 10
551659325 10
1EA4C6CB 16
530133430 8
1FA811F3 16
182979135 10
4774600746 8
1111000100110110101100011111 2
111010001011001100011001111110 2
2357254047 8
697667066 10
685498816 10
115F774 16
87746217 10
786479812 10
922191677 10
55419338 10
28C80088 16
2545AB33 16
36A78E88 16
B80009B 16
20BD32E7 16
2371726615 8
10110101011001000011101001010 2
305364320 10
1101121177 8
1C427A71 16
2003776205 8
362393E7 16
30DBF079 16
6601450266 8
5670216344 8
2305002710 8
62082471 10
110000000111101100101010010001 2
2345514646 8
110100111011010110101111100111 2
86535904 10
111000100101011101111000001101 2
65611733 10
6175417211 8
6705557374 8
10011010110000111111001010010 2
DAAF4D8 16
111001101001100001101000011011 2
100110100000011011101101111 2
317ADFD8 16
877355505 10
266F373A 16
110101001000111011010101011 2
304697529 10
B1921AB 16
3995420D 16
5517100514 8
5213215625 8
1101011111001101110100111011 2
100110000100111001000101111011 2
5272736041 8
101111100111010110010000000100 2
555518738 10
6544744517 8
14871B69 16
2740C49B 16
101100111111100111110000111100 2
3257512632 8
7245407623 8
432152744 8
291271496 10
235411572 8
883402108 10
32AB154A 16
1912AEB5 16
840394730 10
23F3A26D 16
601397429 10
4503565373 8
1553007420 8
995246984 10
6643572062 8
753446535 8
1717726505 8
3ACD935B 16
1111000011010101111000100111 2
215347140 10
16A57E41 16
1763673173 8
10424752 8
433899097 10
