 Function A: ADD 218
Function B: MULTIPLY 83
Function C: RAISE TO THE POWER OF 3

4605
3891
9617
2544
5364
1079
3131
6049
6922
4373
9320
2048
4142
2723
7710
9105
5320
7763
5782
2098
3394
5060
2304
7019
6880
3082
9065
8279
2731
3508
7030
5637
1560
9852
7848
4865
9357
6620
6687
9971
9203
2522
3141
1907
2361
4698
3892
4447
6608
5076
1156
2710
4507
8272
5995
7279
2034
8725
4920
8489
2326
1110
4061
8161
7349
3256
1274
6524
5368
2566
2362
6652
5431
5380
4368
8811
8839
2359
3968
4018
6284
5869
6474
8289
2365
2166
7172
7090
8167
9912
9421
8632
3076
2175
5320
4528
2193
7462
8756
1025
9227
