886374
722164
114948
952903
785276
476010
375545
815684
207075
976697
826837
371758
568077
436523
61402
602736
616114
127710
594674
959844
666509
352175
458835
984233
22350
620530
264774
872281
124229
20311
484751
833454
288785
307793
792432
837100
23262
332942
356860
634366
686845
926382
754110
308881
657180
203021
247175
68517
736404
787255
448276
641121
867239
748155
165508
129388
506711
41606
732298
162877
921527
148076
214494
983024
113769
951988
493916
151610
222853
768676
128438
333860
150339
27851
850585
504074
543867
715907
41127
628958
794161
869684
267013
810524
652503
144406
580972
473919
255048
621528
572263
812002
731286
784433
572888
703465
446034
37145
925915
746000
898444
724058
946837
760498
244623
401153
520495
454794
903238
104952
522122
131416
763742
46682
20998
375271
867579
339128
889440
283099
251636
826818
67566
84398
782582
757964
191408
560327
777995
844504
789071
437181
971947
407547
894078
703420
246363
572113
515271
426395
277293
302961
492834
13140
368270
251456
480707
658441
95187
269587
981181
664490
265359
147448
853154
951324
504248
754773
126041
626741
713947
515375
718834
97287
467468
767646
948161
321885
847356
699626
475328
756043
187215
233545
226389
125737
963700
788237
960467
589170
155088
238388
725063
155949
468270
409883
106708
577383
595470
109955
585880
710058
830076
977672
605667
482969
132934
759082
518649
808687
516699
991515
241933
218461
370999
244569
187545
274594
972815
830169
522408
798777
232127
194589
429252
751025
863407
143812
800768
707841
857632
360125
956291
151547
842959
450140
766954
875604
750111
856852
417675
40000
148139
925555
49015
366585
788652
220452
849418
720712
272137
941926
17813
160639
844009
706572
687310
743273
742425
210356
279423
706095
624209
483915
25748
208163
652231
761604
856498
919032
773688
357276
492030
295824
926341
564268
444510
817038
252037
561534
462922
703090
370356
313550
542904
690410
719287
927464
595017
477809
401077
530823
492785
354605
888787
949123
438472
980357
154659
394859
513035
357137
972288
517311
163675
509729
247064
938806
943080
247885