1002 1008 1008 1005
1003 1006 1007 1009
1009 1005 1001 1001
1000 1007 1006 1009
1000 1001 1000 9107
1004 1000 1001 1007
1007 1004 1002 1002
1000 1005 1000 1000
1008 1001 1008 1008
1001 1008 1009 1002
1004 1004 1009 1007
1003 1002 1001 6140
1003 1007 3141 1000
1002 1001 1004 1007
1000 1004 1007 1006
1002 1004 9551 1004
1004 1003 1004 1002
1003 1006 1002 1005
1001 1009 1000 1009
1007 1002 7368 1003
1001 1002 1008 7746
1000 1004 1006 1002
1007 2495 1001 1004
1003 1001 1002 1001
1009 3126 1006 9487
1003 1004 1004 1009
1004 1006 3356 1009
1004 1006 1007 1002
5789 1007 1006 4780
1002 1004 1006 1005
1009 1006 1000 1004
1001 1003 1003 1007
1001 1004 1003 1003
1001 1000 2190 1007
1009 1007 1009 1003
1002 1004 2727 1003
8267 1001 1001 1000
1006 1004 1003 1005
1003 2210 1002 1000
1001 1008 1005 1001
1004 1000 1005 1002
4954 1000 1005 1005
1003 1000 1000 1007
9238 1008 1002 1007
1009 1004 1001 1009
7184 1008 1000 1003
1004 1006 1003 1008
7030 1000 1000 1004
1009 1006 1007 1003
1002 1004 1006 1008