87 67 80 23
36 35 91 73
99 96 14 54
98 89 96 30
23 83 61 21
20 77 85 18
19 34 84 44
30 88 39 72
26 17 99 17
11 79 47 70
29 34 86 78
78 60 72 94
11 70 44 25
83 55 20 16
76 31 84 56
23 38 94 44
90 28 42 55
14 65 46 73
54 14 72 45
51 68 18 15
42 91 71 66
75 76 28 55
63 83 43 89
96 43 41 17
77 81 69 89
45 25 49 29
36 37 73 40
50 77 66 13
25 32 28 34
52 65 90 41
53 22 38 27
82 28 32 98
99 13 24 62
37 17 18 22
16 75 27 21
90 97 57 16
80 86 15 15
90 41 74 63
35 56 33 65
25 94 39 39
58 95 69 13
63 50 26 53
64 15 49 61
54 50 98 57
23 69 48 40
66 79 93 64
18 10 10 64
92 70 48 22
76 88 41 53
27 82 85 93
84 49 51 20
18 19 59 29
40 78 92 97
85 81 24 53
84 52 47 36
66 82 36 20
62 23 33 43
29 48 64 67
19 93 59 22
30 24 96 36
98 42 46 58
83 19 31 46
30 74 95 80
19 87 70 13
75 51 88 67
44 32 76 37
62 87 44 91
97 67 92 10
24 21 58 38
27 61 68 74
29 88 56 59
38 50 20 75
86 26 21 80
52 32 81 79
39 92 73 34
97 38 95 12
93 14 56 81
91 26 49 39
60 24 89 32
68 16 63 82
68 79 71 16
78 42 60 61
12 31 27 33
95 30 57 69
12 77 11 35
60 52 28 46
65 13 26 43
62 71 55 59
11 47 40 87
51 94 46 45
35 12 22 37
41 34 31 99
17 40 15 11
42 71 12 45
48 86 45 35
14 58 57 33
74 47 31 54
85 43 25 33
72 10 21 37